

PRESENCE - Presence/Absence-Site Occupancy data analysis
Fri Oct 28 20:09:13 2011,       Version 4.0111018
- - - - - - - - - - - - - - - - - - - - - - - - - - - - -
==>i=calspottedowl.pao
==>l=pres_psi_R____p(s_t)___delta(X).out
==>name=psi,R,   p(s,t)   delta(*)
==>model=5
==>j=c:\documents and settings\cschwarz\desktop\calspottedowlmultistate\calspottedowl_project\calspottedowl.dm
==>lmt=200
model=5 N,T-->54,5
modtype-->5 

********* Input Data summary *******
Number of sites                = 54
Number of sampling occasions   = 5
Number of missing observations = 98
Data checksum = 40626

Naive occupancy estimate       = 0.8704

NSiteCovs-->0
NSampCovs-->0
Primary periods=1 Secondary periods: 5
- - - - - - - - - - - - - - - - - - - - - - - - - - - - -
 California Spotted Owl - Multistate
- - - - - - - - - - - - - - - - - - - - - - - - - - - - -
modtype=5 N=54 T=5 Groups=1 bootstraps=0

-->1-5
Matrix 1: rows=3, cols=3
            -,a1,a2,
psi           1 0
R             0 1
========================

Matrix 2: rows=11, cols=11
            -,b1,b2,b3,b4,b5,b6,b7,b8,b9,b10,
p1(1)         1 0 0 0 0 0 0 0 0 0
p1(2)         0 1 0 0 0 0 0 0 0 0
p1(3)         0 0 1 0 0 0 0 0 0 0
p1(4)         0 0 0 1 0 0 0 0 0 0
p1(5)         0 0 0 0 1 0 0 0 0 0
p2(1)         0 0 0 0 0 1 0 0 0 0
p2(2)         0 0 0 0 0 0 1 0 0 0
p2(3)         0 0 0 0 0 0 0 1 0 0
p2(4)         0 0 0 0 0 0 0 0 1 0
p2(5)         0 0 0 0 0 0 0 0 0 1
========================

Matrix 3: rows=6, cols=2
            -,c1,
dlta(1)       1
dlta(2)       1
dlta(3)       1
dlta(4)       1
dlta(5)       1
========================

Matrix 4: rows=0, cols=0
========================

Matrix 5: rows=0, cols=0
========================

Matrix 6: rows=0, cols=0
========================

Multi-state model
-----------------

Number of parameters           = 13
Number of function calls           = 673
-2log(likelihood)              = 306.2667
AIC                            = 332.2667

varcov: nsig=6 eps=1.000000e-002

Untransformed Estimates of coefficients for covariates (Beta's)
======================================================================
                                          estimate    std.error
A1   psi                              :   3.621447    1.267931
A2   R                                :   0.155675    0.473602
B1   p1(1)                            :   0.306666    0.660269
B2   p1(2)                            :   1.245000    0.716921
B3   p1(3)                            :   1.579670    0.662543
B4   p1(4)                            :   1.198172    0.790232
B5   p1(5)                            :   1.309607    1.149074
B6   p2(1)                            :   0.352903    0.508642
B7   p2(2)                            :   1.946504    1.046660
B8   p2(3)                            :  55.776762   10.000000
B9   p2(4)                            :   0.581122    0.547471
B10  p2(5)                            :  -0.289237    0.795125
C1   dlta(1)                          :  -0.297415    0.351154

Variance-Covariance Matrix of Untransformed estimates (Beta's):
              A1         A2         B1         B2         B3         B4         B5         B6         B7         B8         B9        B10         C1  
     A1    1.607650  -0.081572  -0.164608  -0.058300  -0.068383  -0.089000  -0.310675   0.014815  -0.035057   0.000000   0.001438   0.069239   0.035780
     A2   -0.081572   0.224298   0.083732   0.030558  -0.064836   0.089749   0.232222  -0.051412  -0.102095   0.000000  -0.018556  -0.053320  -0.089874
     B1   -0.164608   0.083732   0.435955  -0.009021  -0.005267   0.073499   0.163019  -0.103280   0.016375   0.000000  -0.023484  -0.045795  -0.031487
     B2   -0.058300   0.030558  -0.009021   0.513975  -0.006139  -0.054862   0.061256   0.013479  -0.272096   0.000000   0.040157  -0.023303  -0.012905
     B3   -0.068383  -0.064836  -0.005267  -0.006139   0.438963  -0.035730  -0.066046   0.014011   0.049388   0.000000   0.007072   0.019064   0.048405
     B4   -0.089000   0.089749   0.073499  -0.054862  -0.035730   0.624466   0.221916  -0.043886   0.066936   0.000000  -0.138165  -0.077334  -0.042923
     B5   -0.310675   0.232222   0.163019   0.061256  -0.066046   0.221916   1.320371  -0.079930  -0.169720   0.000000  -0.069733  -0.287602  -0.140365
     B6    0.014815  -0.051412  -0.103280   0.013479   0.014011  -0.043886  -0.079930   0.258716  -0.004995   0.000000   0.015449   0.024786   0.019380
     B7   -0.035057  -0.102095   0.016375  -0.272096   0.049388   0.066936  -0.169720  -0.004995   1.095498   0.000000  -0.061983   0.053526   0.059684
     B8    0.000000   0.000000   0.000000   0.000000   0.000000   0.000000   0.000000   0.000000   0.000000 100.000000   0.000000   0.000000   0.000000
     B9    0.001438  -0.018556  -0.023484   0.040157   0.007072  -0.138165  -0.069733   0.015449  -0.061983   0.000000   0.299724   0.031719   0.003214
    B10    0.069239  -0.053320  -0.045795  -0.023303   0.019064  -0.077334  -0.287602   0.024786   0.053526   0.000000   0.031719   0.632224   0.026382
     C1    0.035780  -0.089874  -0.031487  -0.012905   0.048405  -0.042923  -0.140365   0.019380   0.059684   0.000000   0.003214   0.026382   0.123309
------------------------------

============================================================

   Individual Site estimates of <psi> 
                Site               estimate  Std.err   95% conf. interval
psi             1 site 1          :  0.9740   0.0322     0.7570 - 0.9978 

   Individual Site estimates of <R> 
                Site               estimate  Std.err   95% conf. interval
R               1 site 1          :  0.5388   0.1177     0.3159 - 0.7472 

   Individual Site estimates of <p1(1)> 
                Site               estimate  Std.err   95% conf. interval
p1(1)           1 site 1          :  0.5761   0.1612     0.2714 - 0.8321 
p1(2)           1 site 1          :  0.7764   0.1244     0.4600 - 0.9340 
p1(3)           1 site 1          :  0.8292   0.0939     0.5698 - 0.9468 
p1(4)           1 site 1          :  0.7682   0.1407     0.4132 - 0.9397 
p1(5)           1 site 1          :  0.7874   0.1923     0.2804 - 0.9724 

   Individual Site estimates of <p2(1)> 
                Site               estimate  Std.err   95% conf. interval
p2(1)           1 site 1          :  0.5873   0.1233     0.3443 - 0.7941 
p2(2)           1 site 1          :  0.8751   0.1144     0.4738 - 0.9820 
p2(3)           1 site 1          :  1.0000   0.0000     1.0000 - 1.0000 
p2(4)           1 site 1          :  0.6413   0.1259     0.3794 - 0.8395 
p2(5)           1 site 1          :  0.4282   0.1947     0.1361 - 0.7806 

   Individual Site estimates of <dlta(1)> 
                Site               estimate  Std.err   95% conf. interval
dlta(1)         1 site 1          :  0.4262   0.0859     0.2718 - 0.5965 
dlta(2)         1 site 1          :  0.4262   0.0859     0.2718 - 0.5965 
dlta(3)         1 site 1          :  0.4262   0.0859     0.2718 - 0.5965 
dlta(4)         1 site 1          :  0.4262   0.0859     0.2718 - 0.5965 
dlta(5)         1 site 1          :  0.4262   0.0859     0.2718 - 0.5965 

Real parameters: (computed using covariates from 1st site and 1st survey)

Real parameter :              estimate   SE(estimate)
     1 psi                      0.9740      0.0322
     2 R                        0.5388      0.1177
     3 p1(1)                    0.5761      0.1612
     4 p1(2)                    0.7764      0.1244
     5 p1(3)                    0.8292      0.0939
     6 p1(4)                    0.7682      0.1407
     7 p1(5)                    0.7874      0.1923
     8 p2(1)                    0.5873      0.1233
     9 p2(2)                    0.8751      0.1144
    10 p2(3)                    1.0000      0.0000
    11 p2(4)                    0.6413      0.1259
    12 p2(5)                    0.4282      0.1947
    13 dlta(1)                  0.4262      0.0859
    14 dlta(2)                  0.4262      0.0859
    15 dlta(3)                  0.4262      0.0859
    16 dlta(4)                  0.4262      0.0859
    17 dlta(5)                  0.4262      0.0859
Variance-covariance matrix of real parameters:
   0.001035  -0.000514  -0.001020  -0.000257  -0.000246  -0.000402  -0.001319   0.000091
  -0.000097   0.000000   0.000008   0.000430   0.000222   0.000222   0.000222   0.000222
   0.000222
  -0.000514   0.013850   0.005081   0.001318  -0.002282   0.003971   0.009658  -0.003096
  -0.002774   0.000000  -0.001061  -0.003244  -0.005462  -0.005462  -0.005462  -0.005462
  -0.005462
  -0.001020   0.005081   0.026000  -0.000382  -0.000182   0.003196   0.006663  -0.006113
   0.000437   0.000000  -0.001319  -0.002738  -0.001880  -0.001880  -0.001880  -0.001880
  -0.001880
  -0.000257   0.001318  -0.000382   0.015487  -0.000151  -0.001696   0.001780   0.000567
  -0.005164   0.000000   0.001603  -0.000990  -0.000548  -0.000548  -0.000548  -0.000548
  -0.000548
  -0.000246  -0.002282  -0.000182  -0.000151   0.008808  -0.000901  -0.001566   0.000481
   0.000765   0.000000   0.000230   0.000661   0.001677   0.001677   0.001677   0.001677
   0.001677
  -0.000402   0.003971   0.003196  -0.001696  -0.000901   0.019801   0.006614  -0.001894
   0.001303   0.000000  -0.005659  -0.003372  -0.001869  -0.001869  -0.001869  -0.001869
  -0.001869
  -0.001319   0.009658   0.006663   0.001780  -0.001566   0.006614   0.036989  -0.003243
  -0.003106   0.000000  -0.002685  -0.011786  -0.005745  -0.005745  -0.005745  -0.005745
  -0.005745
   0.000091  -0.003096  -0.006113   0.000567   0.000481  -0.001894  -0.003243   0.015198
  -0.000132   0.000000   0.000861   0.001471   0.001149   0.001149   0.001149   0.001149
   0.001149
  -0.000097  -0.002774   0.000437  -0.005164   0.000765   0.001303  -0.003106  -0.000132
   0.013094   0.000000  -0.001559   0.001433   0.001596   0.001596   0.001596   0.001596
   0.001596
   0.000000   0.000000   0.000000   0.000000   0.000000   0.000000   0.000000   0.000000
   0.000000   0.000000   0.000000   0.000000   0.000000   0.000000   0.000000   0.000000
   0.000000
   0.000008  -0.001061  -0.001319   0.001603   0.000230  -0.005659  -0.002685   0.000861
  -0.001559   0.000000   0.015859   0.001786   0.000181   0.000181   0.000181   0.000181
   0.000181
   0.000430  -0.003244  -0.002738  -0.000990   0.000661  -0.003372  -0.011786   0.001471
   0.001433   0.000000   0.001786   0.037901   0.001580   0.001580   0.001580   0.001580
   0.001580
   0.000222  -0.005462  -0.001880  -0.000548   0.001677  -0.001869  -0.005745   0.001149
   0.001596   0.000000   0.000181   0.001580   0.007375   0.007375   0.007375   0.007375
   0.007375
   0.000222  -0.005462  -0.001880  -0.000548   0.001677  -0.001869  -0.005745   0.001149
   0.001596   0.000000   0.000181   0.001580   0.007375   0.007375   0.007375   0.007375
   0.007375
   0.000222  -0.005462  -0.001880  -0.000548   0.001677  -0.001869  -0.005745   0.001149
   0.001596   0.000000   0.000181   0.001580   0.007375   0.007375   0.007375   0.007375
   0.007375
   0.000222  -0.005462  -0.001880  -0.000548   0.001677  -0.001869  -0.005745   0.001149
   0.001596   0.000000   0.000181   0.001580   0.007375   0.007375   0.007375   0.007375
   0.007375
   0.000222  -0.005462  -0.001880  -0.000548   0.001677  -0.001869  -0.005745   0.001149
   0.001596   0.000000   0.000181   0.001580   0.007375   0.007375   0.007375   0.007375
   0.007375

CPU time: 0.0 seconds

