

PRESENCE - Presence/Absence-Site Occupancy data analysis
Fri Oct 28 16:12:06 2011,       Version 4.0111018
- - - - - - - - - - - - - - - - - - - - - - - - - - - - -
==>i=spottedandbarredowl.pao
==>l=pres_psiA_psiB_phi=1_____pAxN_pBxN______rAxN__rBxN_delta=1.out
==>name=psiA,psiB,phi=1    ,pAxN,pBxN,     rAxN ,rBxN,delta=1
==>model=3000
==>j=c:\documents and settings\cschwarz\desktop\spottedandbarredowls\spottedandbarredowl_project\spottedandbarredowl.dm
==>lmt=200
==>echo
model=3000 N,T-->302,10
modtype-->3    1: 0 1 1 1 -1 -1 -1 -1 -1 -1
   2: 1 1 1 1 -1 -1 -1 -1 -1 -1
   3: 0 1 0 0 -1 -1 -1 -1 -1 -1
   4: 1 1 1 1 -1 -1 -1 -1 -1 -1
   5: 0 0 0 1 -1 -1 -1 -1 -1 -1
   6: 0 1 1 -1 -1 -1 -1 -1 -1 -1
   7: 1 1 1 -1 -1 -1 -1 -1 -1 -1
   8: 0 0 0 0 -1 -1 -1 -1 -1 -1
   9: 0 0 0 0 -1 -1 -1 -1 -1 -1
  10: 1 1 1 -1 -1 -1 -1 -1 -1 -1
  11: 1 1 1 -1 -1 -1 -1 -1 -1 -1
  12: 1 1 1 1 1 0 1 -1 -1 -1
  13: 0 0 0 0 -1 -1 -1 -1 -1 -1
  14: 1 1 1 1 1 -1 -1 -1 -1 -1
  15: 1 0 0 0 0 0 0 1 1 -1
  16: 1 1 1 0 1 1 -1 -1 -1 -1
  17: 1 0 0 0 -1 -1 -1 -1 -1 -1
  18: 0 0 0 0 -1 -1 -1 -1 -1 -1
  19: 1 1 1 1 1 1 1 1 1 1
  20: 0 0 0 0 -1 -1 -1 -1 -1 -1
  21: 1 1 1 -1 -1 -1 -1 -1 -1 -1
  22: 1 1 -1 -1 -1 -1 -1 -1 -1 -1
  23: 1 0 0 1 0 0 1 0 1 -1
  24: 0 0 0 0 -1 -1 -1 -1 -1 -1
  25: 0 0 0 0 -1 -1 -1 -1 -1 -1
  26: 0 1 1 1 -1 -1 -1 -1 -1 -1
  27: 0 0 0 0 -1 -1 -1 -1 -1 -1
  28: 1 1 0 0 0 0 -1 -1 -1 -1
  29: 0 0 0 0 -1 -1 -1 -1 -1 -1
  30: 0 1 0 1 1 -1 -1 -1 -1 -1
  31: 0 0 0 0 -1 -1 -1 -1 -1 -1
  32: 0 0 1 1 1 -1 -1 -1 -1 -1
  33: 0 0 1 1 0 1 1 0 0 -1
  34: 0 0 0 0 -1 -1 -1 -1 -1 -1
  35: 1 0 0 0 1 1 1 -1 -1 -1
  36: 1 1 0 1 1 -1 -1 -1 -1 -1
  37: 0 1 0 0 1 -1 -1 -1 -1 -1
  38: 1 1 1 -1 -1 -1 -1 -1 -1 -1
  39: 1 1 1 0 1 1 -1 -1 -1 -1
  40: 0 1 0 1 1 1 -1 -1 -1 -1
  41: 0 0 0 0 -1 -1 -1 -1 -1 -1
  42: 0 0 1 0 0 -1 -1 -1 -1 -1
  43: 0 1 1 1 1 1 1 1 1 1
  44: 1 1 0 1 1 -1 -1 -1 -1 -1
  45: 0 0 0 1 0 -1 -1 -1 -1 -1
  46: 0 0 0 0 0 -1 -1 -1 -1 -1
  47: 1 1 1 1 -1 -1 -1 -1 -1 -1
  48: 0 1 1 1 -1 -1 -1 -1 -1 -1
  49: 1 1 1 -1 -1 -1 -1 -1 -1 -1
  50: 1 0 0 0 0 0 0 0 -1 -1
  51: 0 0 1 -1 -1 -1 -1 -1 -1 -1
  52: 1 1 0 0 1 -1 -1 -1 -1 -1
  53: 1 1 1 1 1 1 -1 -1 -1 -1
  54: 0 0 1 0 0 0 1 0 1 0
  55: 0 1 1 1 1 1 -1 -1 -1 -1
  56: 1 0 0 0 -1 -1 -1 -1 -1 -1
  57: 0 0 0 0 -1 -1 -1 -1 -1 -1
  58: 1 1 1 0 0 1 1 -1 -1 -1
  59: 0 0 0 0 -1 -1 -1 -1 -1 -1
  60: 1 0 1 1 0 0 -1 -1 -1 -1
  61: 0 1 0 0 -1 -1 -1 -1 -1 -1
  62: 0 1 1 1 -1 -1 -1 -1 -1 -1
  63: 0 1 1 0 0 -1 -1 -1 -1 -1
  64: 0 0 0 0 -1 -1 -1 -1 -1 -1
  65: 0 1 1 0 0 -1 -1 -1 -1 -1
  66: 0 1 1 -1 -1 -1 -1 -1 -1 -1
  67: 0 0 0 0 0 -1 -1 -1 -1 -1
  68: 0 0 0 0 -1 -1 -1 -1 -1 -1
  69: 0 0 0 0 -1 -1 -1 -1 -1 -1
  70: 1 1 1 1 1 1 1 1 -1 -1
  71: 0 0 0 0 -1 -1 -1 -1 -1 -1
  72: 1 0 1 1 1 1 0 1 0 1
  73: 0 0 0 0 0 -1 -1 -1 -1 -1
  74: 1 1 0 0 0 1 0 0 1 0
  75: 0 1 0 0 1 -1 -1 -1 -1 -1
  76: 0 0 0 0 -1 -1 -1 -1 -1 -1
  77: 0 0 0 0 -1 -1 -1 -1 -1 -1
  78: 1 0 0 0 0 0 -1 -1 -1 -1
  79: 0 0 0 0 -1 -1 -1 -1 -1 -1
  80: 0 0 0 0 -1 -1 -1 -1 -1 -1
  81: 0 0 0 0 -1 -1 -1 -1 -1 -1
  82: 0 0 0 0 -1 -1 -1 -1 -1 -1
  83: 0 0 0 0 -1 -1 -1 -1 -1 -1
  84: 0 0 0 0 -1 -1 -1 -1 -1 -1
  85: 1 1 0 1 1 1 1 -1 -1 -1
  86: 1 0 0 0 -1 -1 -1 -1 -1 -1
  87: 0 0 0 1 -1 -1 -1 -1 -1 -1
  88: 1 1 1 1 1 -1 -1 -1 -1 -1
  89: 0 0 -1 -1 -1 -1 -1 -1 -1 -1
  90: 0 0 1 0 -1 -1 -1 -1 -1 -1
  91: 0 0 0 0 -1 -1 -1 -1 -1 -1
  92: 1 0 1 1 1 1 -1 -1 -1 -1
  93: 1 1 1 1 -1 -1 -1 -1 -1 -1
  94: 0 0 0 0 1 1 1 -1 -1 -1
  95: 1 0 0 0 1 1 1 1 -1 -1
  96: 0 1 0 0 -1 -1 -1 -1 -1 -1
  97: 0 0 0 1 1 -1 -1 -1 -1 -1
  98: 1 1 1 -1 -1 -1 -1 -1 -1 -1
  99: 0 0 0 0 -1 -1 -1 -1 -1 -1
 100: 0 1 1 1 1 -1 -1 -1 -1 -1
 101: 0 1 0 0 -1 -1 -1 -1 -1 -1
 102: 0 0 1 1 0 -1 -1 -1 -1 -1
 103: 0 1 1 -1 -1 -1 -1 -1 -1 -1
 104: 1 1 1 1 -1 -1 -1 -1 -1 -1
 105: 1 0 1 0 0 0 -1 -1 -1 -1
 106: 1 0 0 1 0 1 0 0 1 1
 107: 1 1 1 -1 -1 -1 -1 -1 -1 -1
 108: 1 0 0 0 1 0 1 -1 -1 -1
 109: 0 0 0 0 -1 -1 -1 -1 -1 -1
 110: 0 1 0 1 1 -1 -1 -1 -1 -1
 111: 0 0 0 0 -1 -1 -1 -1 -1 -1
 112: 0 0 1 1 1 1 1 1 -1 -1
 113: 0 0 0 0 -1 -1 -1 -1 -1 -1
 114: 0 0 1 1 0 0 0 -1 -1 -1
 115: 0 0 1 0 -1 -1 -1 -1 -1 -1
 116: 0 0 0 0 -1 -1 -1 -1 -1 -1
 117: 0 1 1 1 -1 -1 -1 -1 -1 -1
 118: 0 1 1 1 1 0 0 -1 -1 -1
 119: 1 1 1 1 1 1 -1 -1 -1 -1
 120: 1 1 0 0 1 -1 -1 -1 -1 -1
 121: 0 1 1 0 0 -1 -1 -1 -1 -1
 122: 0 0 0 0 -1 -1 -1 -1 -1 -1
 123: 0 1 0 0 -1 -1 -1 -1 -1 -1
 124: 0 0 0 0 -1 -1 -1 -1 -1 -1
 125: 0 0 0 0 -1 -1 -1 -1 -1 -1
 126: 1 1 1 1 0 0 1 -1 -1 -1
 127: 1 0 1 1 1 -1 -1 -1 -1 -1
 128: 0 0 0 1 1 -1 -1 -1 -1 -1
 129: 1 1 1 -1 -1 -1 -1 -1 -1 -1
 130: 0 0 0 0 -1 -1 -1 -1 -1 -1
 131: 1 0 0 1 1 -1 -1 -1 -1 -1
 132: 0 0 0 0 -1 -1 -1 -1 -1 -1
 133: 1 0 0 0 0 0 1 1 0 -1
 134: 1 1 1 1 1 1 -1 -1 -1 -1
 135: 0 0 0 0 -1 -1 -1 -1 -1 -1
 136: 0 0 0 0 0 -1 -1 -1 -1 -1
 137: 0 0 0 0 -1 -1 -1 -1 -1 -1
 138: 0 0 0 0 -1 -1 -1 -1 -1 -1
 139: 1 0 1 1 -1 -1 -1 -1 -1 -1
 140: 0 0 0 1 -1 -1 -1 -1 -1 -1
 141: 0 0 0 0 -1 -1 -1 -1 -1 -1
 142: 0 0 0 0 -1 -1 -1 -1 -1 -1
 143: 1 1 -1 -1 -1 -1 -1 -1 -1 -1
 144: 1 0 1 1 1 0 1 -1 -1 -1
 145: 0 1 0 1 0 -1 -1 -1 -1 -1
 146: 0 0 0 0 0 -1 -1 -1 -1 -1
 147: 0 0 0 0 -1 -1 -1 -1 -1 -1
 148: 0 0 0 0 -1 -1 -1 -1 -1 -1
 149: 0 1 1 1 1 1 1 -1 -1 -1
 150: 0 -1 -1 -1 -1 -1 -1 -1 -1 -1
 151: 0 1 1 0 1 1 -1 -1 -1 -1
 152: 0 0 0 0 -1 -1 -1 -1 -1 -1
 153: 0 0 0 0 -1 -1 -1 -1 -1 -1
 154: 0 1 1 0 -1 -1 -1 -1 -1 -1
 155: 0 0 0 0 -1 -1 -1 -1 -1 -1
 156: 0 0 0 0 -1 -1 -1 -1 -1 -1
 157: 0 0 0 -1 -1 -1 -1 -1 -1 -1
 158: 0 0 0 -1 -1 -1 -1 -1 -1 -1
 159: 0 0 0 0 -1 -1 -1 -1 -1 -1
 160: 0 1 1 1 -1 -1 -1 -1 -1 -1
 161: 0 0 0 -1 -1 -1 -1 -1 -1 -1
 162: 0 0 0 -1 -1 -1 -1 -1 -1 -1
 163: 0 0 0 0 0 0 0 -1 -1 -1
 164: 0 0 0 0 -1 -1 -1 -1 -1 -1
 165: 0 0 0 0 0 -1 -1 -1 -1 -1
 166: 0 0 0 0 0 0 0 0 0 -1
 167: 0 0 0 0 0 0 -1 -1 -1 -1
 168: 0 0 0 0 -1 -1 -1 -1 -1 -1
 169: 0 0 0 0 -1 -1 -1 -1 -1 -1
 170: 0 0 0 0 0 0 0 0 0 0
 171: 0 0 0 0 -1 -1 -1 -1 -1 -1
 172: 0 0 0 -1 -1 -1 -1 -1 -1 -1
 173: 0 0 -1 -1 -1 -1 -1 -1 -1 -1
 174: 0 0 0 0 0 0 0 0 0 -1
 175: 0 0 0 0 -1 -1 -1 -1 -1 -1
 176: 0 0 0 0 -1 -1 -1 -1 -1 -1
 177: 0 0 0 0 -1 -1 -1 -1 -1 -1
 178: 0 0 0 0 -1 -1 -1 -1 -1 -1
 179: 1 0 0 0 0 0 -1 -1 -1 -1
 180: 0 0 0 0 -1 -1 -1 -1 -1 -1
 181: 0 0 0 0 0 -1 -1 -1 -1 -1
 182: 0 0 0 0 -1 -1 -1 -1 -1 -1
 183: 0 0 0 0 0 -1 -1 -1 -1 -1
 184: 0 0 0 0 0 0 0 0 0 -1
 185: 0 0 0 0 -1 -1 -1 -1 -1 -1
 186: 0 0 0 0 0 0 0 -1 -1 -1
 187: 0 0 0 0 0 -1 -1 -1 -1 -1
 188: 0 0 0 0 0 -1 -1 -1 -1 -1
 189: 0 0 0 -1 -1 -1 -1 -1 -1 -1
 190: 0 0 0 0 0 0 -1 -1 -1 -1
 191: 0 0 0 0 0 0 -1 -1 -1 -1
 192: 0 0 0 0 -1 -1 -1 -1 -1 -1
 193: 0 0 0 0 0 -1 -1 -1 -1 -1
 194: 0 0 0 0 0 0 0 0 0 0
 195: 0 0 0 0 0 -1 -1 -1 -1 -1
 196: 1 0 0 0 0 -1 -1 -1 -1 -1
 197: 0 0 1 0 1 -1 -1 -1 -1 -1
 198: 0 0 0 0 -1 -1 -1 -1 -1 -1
 199: 0 0 0 0 -1 -1 -1 -1 -1 -1
 200: 0 0 1 -1 -1 -1 -1 -1 -1 -1
 201: 0 0 0 0 1 0 0 0 -1 -1
 202: 0 0 1 -1 -1 -1 -1 -1 -1 -1
 203: 0 0 0 1 0 -1 -1 -1 -1 -1
 204: 0 0 0 0 0 0 -1 -1 -1 -1
 205: 0 0 1 1 0 1 0 0 0 0
 206: 0 0 0 0 0 0 -1 -1 -1 -1
 207: 0 0 1 0 -1 -1 -1 -1 -1 -1
 208: 0 0 0 0 -1 -1 -1 -1 -1 -1
 209: 0 0 0 0 0 0 0 -1 -1 -1
 210: 0 0 0 0 -1 -1 -1 -1 -1 -1
 211: 0 0 0 0 0 0 -1 -1 -1 -1
 212: 0 0 0 1 -1 -1 -1 -1 -1 -1
 213: 0 0 0 0 -1 -1 -1 -1 -1 -1
 214: 0 0 0 0 0 -1 -1 -1 -1 -1
 215: 1 0 0 0 -1 -1 -1 -1 -1 -1
 216: 1 0 0 1 1 -1 -1 -1 -1 -1
 217: 0 0 0 -1 -1 -1 -1 -1 -1 -1
 218: 1 1 1 1 0 -1 -1 -1 -1 -1
 219: 1 0 0 1 -1 -1 -1 -1 -1 -1
 220: 0 0 0 0 -1 -1 -1 -1 -1 -1
 221: 0 0 0 0 0 0 0 0 -1 -1
 222: 0 0 0 0 -1 -1 -1 -1 -1 -1
 223: 0 0 0 0 0 0 0 0 0 0
 224: 0 1 1 1 0 -1 -1 -1 -1 -1
 225: 0 0 0 0 1 0 0 0 1 1
 226: 0 0 0 0 0 -1 -1 -1 -1 -1
 227: 1 1 1 1 -1 -1 -1 -1 -1 -1
 228: 0 0 0 0 -1 -1 -1 -1 -1 -1
 229: 0 0 0 0 0 0 -1 -1 -1 -1
 230: 0 0 0 0 -1 -1 -1 -1 -1 -1
 231: 0 0 0 0 -1 -1 -1 -1 -1 -1
 232: 1 0 0 0 -1 -1 -1 -1 -1 -1
 233: 0 0 0 0 -1 -1 -1 -1 -1 -1
 234: 0 1 0 0 -1 -1 -1 -1 -1 -1
 235: 0 0 1 1 -1 -1 -1 -1 -1 -1
 236: 0 0 0 0 0 0 0 -1 -1 -1
 237: 0 0 0 0 -1 -1 -1 -1 -1 -1
 238: 0 0 0 0 -1 -1 -1 -1 -1 -1
 239: 0 0 0 0 0 -1 -1 -1 -1 -1
 240: 0 1 -1 -1 -1 -1 -1 -1 -1 -1
 241: 0 0 0 0 -1 -1 -1 -1 -1 -1
 242: 0 1 0 0 -1 -1 -1 -1 -1 -1
 243: 0 0 0 0 0 0 -1 -1 -1 -1
 244: 0 0 0 0 -1 -1 -1 -1 -1 -1
 245: 0 0 0 0 0 0 0 -1 -1 -1
 246: 0 0 0 0 0 0 0 0 -1 -1
 247: 0 0 0 0 -1 -1 -1 -1 -1 -1
 248: 0 0 0 0 0 -1 -1 -1 -1 -1
 249: 0 0 0 -1 -1 -1 -1 -1 -1 -1
 250: 1 0 0 0 -1 -1 -1 -1 -1 -1
 251: 1 0 0 0 0 -1 -1 -1 -1 -1
 252: 0 1 0 0 -1 -1 -1 -1 -1 -1
 253: 0 0 0 0 0 -1 -1 -1 -1 -1
 254: 0 0 0 -1 -1 -1 -1 -1 -1 -1
 255: 0 0 0 0 -1 -1 -1 -1 -1 -1
 256: 0 0 0 1 0 0 -1 -1 -1 -1
 257: 0 0 0 0 0 0 0 0 0 0
 258: 0 0 0 -1 -1 -1 -1 -1 -1 -1
 259: 0 0 0 0 0 0 0 -1 -1 -1
 260: 0 1 0 0 -1 -1 -1 -1 -1 -1
 261: 0 0 0 0 0 -1 -1 -1 -1 -1
 262: 0 0 0 0 -1 -1 -1 -1 -1 -1
 263: 0 0 0 0 0 0 0 0 -1 -1
 264: 1 0 0 0 -1 -1 -1 -1 -1 -1
 265: 0 0 0 0 0 0 0 -1 -1 -1
 266: 0 1 1 1 -1 -1 -1 -1 -1 -1
 267: 0 0 0 1 -1 -1 -1 -1 -1 -1
 268: 0 0 0 0 -1 -1 -1 -1 -1 -1
 269: 0 0 0 1 0 0 0 -1 -1 -1
 270: 1 0 0 0 0 0 -1 -1 -1 -1
 271: 0 0 0 0 0 -1 -1 -1 -1 -1
 272: 0 0 0 0 0 -1 -1 -1 -1 -1
 273: 0 0 0 0 -1 -1 -1 -1 -1 -1
 274: 0 0 0 0 -1 -1 -1 -1 -1 -1
 275: 0 0 0 0 -1 -1 -1 -1 -1 -1
 276: 0 0 0 0 -1 -1 -1 -1 -1 -1
 277: 0 0 0 0 0 0 0 -1 -1 -1
 278: 0 0 0 0 0 -1 -1 -1 -1 -1
 279: 0 0 0 0 0 -1 -1 -1 -1 -1
 280: 0 0 0 -1 -1 -1 -1 -1 -1 -1
 281: 0 0 0 1 -1 -1 -1 -1 -1 -1
 282: 0 0 1 1 0 -1 -1 -1 -1 -1
 283: 0 0 0 0 -1 -1 -1 -1 -1 -1
 284: 0 0 0 0 0 0 0 0 0 -1
 285: 0 0 0 0 0 0 -1 -1 -1 -1
 286: 0 1 0 0 -1 -1 -1 -1 -1 -1
 287: 0 0 0 0 0 -1 -1 -1 -1 -1
 288: 0 1 1 0 -1 -1 -1 -1 -1 -1
 289: 0 0 0 0 -1 -1 -1 -1 -1 -1
 290: 0 0 0 0 -1 -1 -1 -1 -1 -1
 291: 0 0 0 0 -1 -1 -1 -1 -1 -1
 292: 0 0 0 0 -1 -1 -1 -1 -1 -1
 293: 0 1 0 0 -1 -1 -1 -1 -1 -1
 294: 0 0 -1 -1 -1 -1 -1 -1 -1 -1
 295: 0 0 0 0 0 0 1 -1 -1 -1
 296: 0 0 0 0 0 -1 -1 -1 -1 -1
 297: 0 0 0 0 0 -1 -1 -1 -1 -1
 298: 0 0 0 0 -1 -1 -1 -1 -1 -1
 299: 0 0 0 0 -1 -1 -1 -1 -1 -1
 300: 0 0 0 0 0 0 0 -1 -1 -1
 301: 0 -1 -1 -1 -1 -1 -1 -1 -1 -1
 302: 0 0 0 0 0 0 -1 -1 -1 -1


********* Input Data summary *******
Number of sites                = 302
Number of sampling occasions   = 10
Number of missing observations = 1538
Data checksum = 33693

Naive occupancy estimate       = 0.4636

NSiteCovs-->0
NSampCovs-->1
samp_covname[0]=SampCov1

Site Covariates:

No Site covariates

 Sample Covariates:
  Covariate 0: SampCov1
0.0 0.0 0.0 0.0 -999.0 -999.0 -999.0 -999.0 -999.0 -999.0 
0.0 0.0 1.0 0.0 -999.0 -999.0 -999.0 -999.0 -999.0 -999.0 
0.0 0.0 0.0 0.0 -999.0 -999.0 -999.0 -999.0 -999.0 -999.0 
0.0 0.0 1.0 1.0 -999.0 -999.0 -999.0 -999.0 -999.0 -999.0 
0.0 0.0 0.0 0.0 -999.0 -999.0 -999.0 -999.0 -999.0 -999.0 
0.0 0.0 0.0 -999.0 -999.0 -999.0 -999.0 -999.0 -999.0 -999.0 
0.0 0.0 0.0 -999.0 -999.0 -999.0 -999.0 -999.0 -999.0 -999.0 
0.0 0.0 0.0 0.0 -999.0 -999.0 -999.0 -999.0 -999.0 -999.0 
0.0 0.0 0.0 0.0 -999.0 -999.0 -999.0 -999.0 -999.0 -999.0 
0.0 0.0 1.0 -999.0 -999.0 -999.0 -999.0 -999.0 -999.0 -999.0 
0.0 0.0 0.0 -999.0 -999.0 -999.0 -999.0 -999.0 -999.0 -999.0 
0.0 1.0 1.0 0.0 0.0 0.0 0.0 -999.0 -999.0 -999.0 
0.0 0.0 0.0 0.0 -999.0 -999.0 -999.0 -999.0 -999.0 -999.0 
0.0 0.0 1.0 1.0 1.0 -999.0 -999.0 -999.0 -999.0 -999.0 
0.0 0.0 0.0 0.0 0.0 0.0 0.0 0.0 0.0 -999.0 
0.0 0.0 0.0 0.0 0.0 0.0 -999.0 -999.0 -999.0 -999.0 
0.0 0.0 0.0 0.0 -999.0 -999.0 -999.0 -999.0 -999.0 -999.0 
0.0 0.0 0.0 0.0 -999.0 -999.0 -999.0 -999.0 -999.0 -999.0 
0.0 1.0 0.0 0.0 0.0 1.0 1.0 1.0 1.0 1.0 
0.0 0.0 0.0 0.0 -999.0 -999.0 -999.0 -999.0 -999.0 -999.0 
0.0 1.0 1.0 -999.0 -999.0 -999.0 -999.0 -999.0 -999.0 -999.0 
0.0 0.0 -999.0 -999.0 -999.0 -999.0 -999.0 -999.0 -999.0 -999.0 
0.0 0.0 0.0 0.0 0.0 0.0 0.0 0.0 0.0 -999.0 
0.0 0.0 0.0 0.0 -999.0 -999.0 -999.0 -999.0 -999.0 -999.0 
0.0 0.0 0.0 0.0 -999.0 -999.0 -999.0 -999.0 -999.0 -999.0 
0.0 0.0 0.0 0.0 -999.0 -999.0 -999.0 -999.0 -999.0 -999.0 
0.0 0.0 0.0 0.0 -999.0 -999.0 -999.0 -999.0 -999.0 -999.0 
0.0 0.0 0.0 0.0 0.0 0.0 -999.0 -999.0 -999.0 -999.0 
0.0 0.0 0.0 0.0 -999.0 -999.0 -999.0 -999.0 -999.0 -999.0 
0.0 0.0 0.0 0.0 0.0 -999.0 -999.0 -999.0 -999.0 -999.0 
0.0 0.0 0.0 0.0 -999.0 -999.0 -999.0 -999.0 -999.0 -999.0 
0.0 0.0 0.0 0.0 1.0 -999.0 -999.0 -999.0 -999.0 -999.0 
0.0 0.0 0.0 0.0 0.0 0.0 1.0 0.0 0.0 -999.0 
0.0 0.0 0.0 0.0 -999.0 -999.0 -999.0 -999.0 -999.0 -999.0 
0.0 0.0 0.0 0.0 0.0 0.0 1.0 -999.0 -999.0 -999.0 
0.0 1.0 0.0 0.0 1.0 -999.0 -999.0 -999.0 -999.0 -999.0 
0.0 0.0 0.0 0.0 0.0 -999.0 -999.0 -999.0 -999.0 -999.0 
0.0 0.0 0.0 -999.0 -999.0 -999.0 -999.0 -999.0 -999.0 -999.0 
0.0 0.0 0.0 0.0 0.0 0.0 -999.0 -999.0 -999.0 -999.0 
0.0 0.0 0.0 0.0 1.0 1.0 -999.0 -999.0 -999.0 -999.0 
0.0 0.0 0.0 0.0 -999.0 -999.0 -999.0 -999.0 -999.0 -999.0 
0.0 0.0 0.0 0.0 0.0 -999.0 -999.0 -999.0 -999.0 -999.0 
0.0 1.0 1.0 1.0 1.0 1.0 1.0 1.0 1.0 0.0 
0.0 0.0 0.0 0.0 0.0 -999.0 -999.0 -999.0 -999.0 -999.0 
0.0 0.0 0.0 0.0 0.0 -999.0 -999.0 -999.0 -999.0 -999.0 
0.0 0.0 1.0 0.0 0.0 -999.0 -999.0 -999.0 -999.0 -999.0 
1.0 0.0 1.0 0.0 -999.0 -999.0 -999.0 -999.0 -999.0 -999.0 
0.0 0.0 1.0 1.0 -999.0 -999.0 -999.0 -999.0 -999.0 -999.0 
1.0 0.0 0.0 -999.0 -999.0 -999.0 -999.0 -999.0 -999.0 -999.0 
0.0 0.0 0.0 0.0 0.0 0.0 0.0 0.0 -999.0 -999.0 
0.0 0.0 0.0 -999.0 -999.0 -999.0 -999.0 -999.0 -999.0 -999.0 
0.0 0.0 0.0 0.0 0.0 -999.0 -999.0 -999.0 -999.0 -999.0 
0.0 0.0 1.0 1.0 1.0 0.0 -999.0 -999.0 -999.0 -999.0 
0.0 0.0 0.0 0.0 0.0 0.0 0.0 0.0 0.0 0.0 
0.0 0.0 0.0 0.0 0.0 0.0 -999.0 -999.0 -999.0 -999.0 
0.0 0.0 0.0 0.0 -999.0 -999.0 -999.0 -999.0 -999.0 -999.0 
0.0 0.0 0.0 0.0 -999.0 -999.0 -999.0 -999.0 -999.0 -999.0 
0.0 0.0 0.0 0.0 0.0 0.0 0.0 -999.0 -999.0 -999.0 
0.0 0.0 0.0 0.0 -999.0 -999.0 -999.0 -999.0 -999.0 -999.0 
0.0 0.0 0.0 0.0 0.0 0.0 -999.0 -999.0 -999.0 -999.0 
0.0 0.0 0.0 0.0 -999.0 -999.0 -999.0 -999.0 -999.0 -999.0 
0.0 0.0 0.0 0.0 -999.0 -999.0 -999.0 -999.0 -999.0 -999.0 
0.0 0.0 0.0 0.0 0.0 -999.0 -999.0 -999.0 -999.0 -999.0 
0.0 0.0 0.0 0.0 -999.0 -999.0 -999.0 -999.0 -999.0 -999.0 
0.0 0.0 0.0 1.0 0.0 -999.0 -999.0 -999.0 -999.0 -999.0 
0.0 0.0 0.0 -999.0 -999.0 -999.0 -999.0 -999.0 -999.0 -999.0 
0.0 0.0 0.0 0.0 0.0 -999.0 -999.0 -999.0 -999.0 -999.0 
0.0 0.0 0.0 0.0 -999.0 -999.0 -999.0 -999.0 -999.0 -999.0 
0.0 0.0 0.0 0.0 -999.0 -999.0 -999.0 -999.0 -999.0 -999.0 
1.0 1.0 1.0 1.0 1.0 1.0 1.0 1.0 -999.0 -999.0 
0.0 0.0 0.0 0.0 -999.0 -999.0 -999.0 -999.0 -999.0 -999.0 
0.0 0.0 0.0 0.0 0.0 0.0 0.0 0.0 0.0 0.0 
0.0 0.0 0.0 0.0 0.0 -999.0 -999.0 -999.0 -999.0 -999.0 
0.0 0.0 0.0 0.0 0.0 0.0 0.0 0.0 0.0 0.0 
0.0 0.0 0.0 0.0 0.0 -999.0 -999.0 -999.0 -999.0 -999.0 
0.0 0.0 0.0 0.0 -999.0 -999.0 -999.0 -999.0 -999.0 -999.0 
0.0 0.0 0.0 0.0 -999.0 -999.0 -999.0 -999.0 -999.0 -999.0 
0.0 0.0 0.0 0.0 0.0 0.0 -999.0 -999.0 -999.0 -999.0 
0.0 0.0 0.0 0.0 -999.0 -999.0 -999.0 -999.0 -999.0 -999.0 
0.0 0.0 0.0 0.0 -999.0 -999.0 -999.0 -999.0 -999.0 -999.0 
0.0 0.0 0.0 0.0 -999.0 -999.0 -999.0 -999.0 -999.0 -999.0 
0.0 0.0 0.0 0.0 -999.0 -999.0 -999.0 -999.0 -999.0 -999.0 
0.0 0.0 0.0 0.0 -999.0 -999.0 -999.0 -999.0 -999.0 -999.0 
0.0 0.0 0.0 0.0 -999.0 -999.0 -999.0 -999.0 -999.0 -999.0 
0.0 0.0 0.0 0.0 1.0 1.0 0.0 -999.0 -999.0 -999.0 
0.0 0.0 0.0 0.0 -999.0 -999.0 -999.0 -999.0 -999.0 -999.0 
0.0 0.0 0.0 0.0 -999.0 -999.0 -999.0 -999.0 -999.0 -999.0 
0.0 0.0 1.0 1.0 0.0 -999.0 -999.0 -999.0 -999.0 -999.0 
0.0 0.0 -999.0 -999.0 -999.0 -999.0 -999.0 -999.0 -999.0 -999.0 
0.0 0.0 0.0 0.0 -999.0 -999.0 -999.0 -999.0 -999.0 -999.0 
0.0 0.0 0.0 0.0 -999.0 -999.0 -999.0 -999.0 -999.0 -999.0 
0.0 0.0 0.0 1.0 1.0 0.0 -999.0 -999.0 -999.0 -999.0 
0.0 1.0 0.0 1.0 -999.0 -999.0 -999.0 -999.0 -999.0 -999.0 
0.0 0.0 0.0 0.0 1.0 1.0 1.0 -999.0 -999.0 -999.0 
0.0 0.0 0.0 0.0 0.0 0.0 0.0 0.0 -999.0 -999.0 
0.0 0.0 0.0 0.0 -999.0 -999.0 -999.0 -999.0 -999.0 -999.0 
0.0 0.0 0.0 0.0 0.0 -999.0 -999.0 -999.0 -999.0 -999.0 
0.0 0.0 0.0 -999.0 -999.0 -999.0 -999.0 -999.0 -999.0 -999.0 
0.0 0.0 0.0 0.0 -999.0 -999.0 -999.0 -999.0 -999.0 -999.0 
0.0 0.0 0.0 0.0 0.0 -999.0 -999.0 -999.0 -999.0 -999.0 
0.0 0.0 0.0 0.0 -999.0 -999.0 -999.0 -999.0 -999.0 -999.0 
0.0 0.0 0.0 0.0 0.0 -999.0 -999.0 -999.0 -999.0 -999.0 
0.0 1.0 1.0 -999.0 -999.0 -999.0 -999.0 -999.0 -999.0 -999.0 
0.0 0.0 0.0 0.0 -999.0 -999.0 -999.0 -999.0 -999.0 -999.0 
0.0 0.0 0.0 0.0 0.0 0.0 -999.0 -999.0 -999.0 -999.0 
0.0 0.0 0.0 0.0 0.0 0.0 0.0 0.0 0.0 1.0 
0.0 0.0 0.0 -999.0 -999.0 -999.0 -999.0 -999.0 -999.0 -999.0 
0.0 0.0 0.0 0.0 0.0 0.0 0.0 -999.0 -999.0 -999.0 
0.0 0.0 0.0 0.0 -999.0 -999.0 -999.0 -999.0 -999.0 -999.0 
0.0 0.0 0.0 0.0 0.0 -999.0 -999.0 -999.0 -999.0 -999.0 
0.0 0.0 0.0 0.0 -999.0 -999.0 -999.0 -999.0 -999.0 -999.0 
0.0 0.0 0.0 0.0 1.0 0.0 0.0 0.0 -999.0 -999.0 
0.0 0.0 0.0 0.0 -999.0 -999.0 -999.0 -999.0 -999.0 -999.0 
0.0 0.0 0.0 0.0 0.0 0.0 0.0 -999.0 -999.0 -999.0 
0.0 0.0 0.0 0.0 -999.0 -999.0 -999.0 -999.0 -999.0 -999.0 
0.0 0.0 0.0 0.0 -999.0 -999.0 -999.0 -999.0 -999.0 -999.0 
0.0 0.0 0.0 1.0 -999.0 -999.0 -999.0 -999.0 -999.0 -999.0 
0.0 0.0 0.0 0.0 0.0 0.0 0.0 -999.0 -999.0 -999.0 
0.0 0.0 1.0 1.0 1.0 0.0 -999.0 -999.0 -999.0 -999.0 
0.0 0.0 0.0 0.0 0.0 -999.0 -999.0 -999.0 -999.0 -999.0 
0.0 0.0 0.0 0.0 0.0 -999.0 -999.0 -999.0 -999.0 -999.0 
0.0 0.0 0.0 0.0 -999.0 -999.0 -999.0 -999.0 -999.0 -999.0 
0.0 0.0 0.0 0.0 -999.0 -999.0 -999.0 -999.0 -999.0 -999.0 
0.0 0.0 0.0 0.0 -999.0 -999.0 -999.0 -999.0 -999.0 -999.0 
0.0 0.0 0.0 0.0 -999.0 -999.0 -999.0 -999.0 -999.0 -999.0 
1.0 1.0 1.0 0.0 1.0 0.0 0.0 -999.0 -999.0 -999.0 
0.0 0.0 0.0 1.0 1.0 -999.0 -999.0 -999.0 -999.0 -999.0 
0.0 0.0 0.0 0.0 0.0 -999.0 -999.0 -999.0 -999.0 -999.0 
1.0 1.0 1.0 -999.0 -999.0 -999.0 -999.0 -999.0 -999.0 -999.0 
0.0 0.0 0.0 0.0 -999.0 -999.0 -999.0 -999.0 -999.0 -999.0 
0.0 0.0 0.0 0.0 0.0 -999.0 -999.0 -999.0 -999.0 -999.0 
0.0 0.0 0.0 0.0 -999.0 -999.0 -999.0 -999.0 -999.0 -999.0 
0.0 0.0 0.0 0.0 0.0 0.0 0.0 0.0 0.0 -999.0 
0.0 0.0 1.0 1.0 1.0 0.0 -999.0 -999.0 -999.0 -999.0 
0.0 0.0 0.0 0.0 -999.0 -999.0 -999.0 -999.0 -999.0 -999.0 
0.0 0.0 0.0 0.0 0.0 -999.0 -999.0 -999.0 -999.0 -999.0 
0.0 0.0 0.0 0.0 -999.0 -999.0 -999.0 -999.0 -999.0 -999.0 
0.0 0.0 0.0 0.0 -999.0 -999.0 -999.0 -999.0 -999.0 -999.0 
0.0 0.0 0.0 0.0 -999.0 -999.0 -999.0 -999.0 -999.0 -999.0 
0.0 0.0 0.0 0.0 -999.0 -999.0 -999.0 -999.0 -999.0 -999.0 
0.0 0.0 0.0 0.0 -999.0 -999.0 -999.0 -999.0 -999.0 -999.0 
0.0 0.0 0.0 0.0 -999.0 -999.0 -999.0 -999.0 -999.0 -999.0 
0.0 0.0 -999.0 -999.0 -999.0 -999.0 -999.0 -999.0 -999.0 -999.0 
0.0 0.0 0.0 0.0 0.0 0.0 0.0 -999.0 -999.0 -999.0 
0.0 0.0 0.0 0.0 0.0 -999.0 -999.0 -999.0 -999.0 -999.0 
0.0 0.0 0.0 0.0 0.0 -999.0 -999.0 -999.0 -999.0 -999.0 
0.0 0.0 0.0 0.0 -999.0 -999.0 -999.0 -999.0 -999.0 -999.0 
0.0 0.0 0.0 0.0 -999.0 -999.0 -999.0 -999.0 -999.0 -999.0 
0.0 1.0 1.0 1.0 0.0 1.0 1.0 -999.0 -999.0 -999.0 
0.0 -999.0 -999.0 -999.0 -999.0 -999.0 -999.0 -999.0 -999.0 -999.0 
0.0 1.0 1.0 0.0 0.0 0.0 -999.0 -999.0 -999.0 -999.0 
0.0 0.0 0.0 0.0 -999.0 -999.0 -999.0 -999.0 -999.0 -999.0 
0.0 0.0 1.0 0.0 -999.0 -999.0 -999.0 -999.0 -999.0 -999.0 
0.0 0.0 0.0 0.0 -999.0 -999.0 -999.0 -999.0 -999.0 -999.0 
0.0 0.0 1.0 1.0 -999.0 -999.0 -999.0 -999.0 -999.0 -999.0 
0.0 0.0 0.0 0.0 -999.0 -999.0 -999.0 -999.0 -999.0 -999.0 
0.0 0.0 0.0 -999.0 -999.0 -999.0 -999.0 -999.0 -999.0 -999.0 
0.0 0.0 0.0 -999.0 -999.0 -999.0 -999.0 -999.0 -999.0 -999.0 
0.0 0.0 0.0 0.0 -999.0 -999.0 -999.0 -999.0 -999.0 -999.0 
0.0 0.0 0.0 0.0 -999.0 -999.0 -999.0 -999.0 -999.0 -999.0 
0.0 0.0 1.0 -999.0 -999.0 -999.0 -999.0 -999.0 -999.0 -999.0 
0.0 0.0 0.0 -999.0 -999.0 -999.0 -999.0 -999.0 -999.0 -999.0 
0.0 1.0 1.0 0.0 0.0 0.0 0.0 -999.0 -999.0 -999.0 
0.0 0.0 0.0 0.0 -999.0 -999.0 -999.0 -999.0 -999.0 -999.0 
0.0 0.0 1.0 1.0 1.0 -999.0 -999.0 -999.0 -999.0 -999.0 
0.0 0.0 0.0 0.0 0.0 0.0 0.0 0.0 0.0 -999.0 
0.0 0.0 0.0 0.0 0.0 0.0 -999.0 -999.0 -999.0 -999.0 
0.0 0.0 0.0 0.0 -999.0 -999.0 -999.0 -999.0 -999.0 -999.0 
0.0 0.0 0.0 0.0 -999.0 -999.0 -999.0 -999.0 -999.0 -999.0 
0.0 1.0 0.0 0.0 0.0 1.0 1.0 1.0 1.0 1.0 
0.0 0.0 0.0 0.0 -999.0 -999.0 -999.0 -999.0 -999.0 -999.0 
0.0 1.0 1.0 -999.0 -999.0 -999.0 -999.0 -999.0 -999.0 -999.0 
0.0 0.0 -999.0 -999.0 -999.0 -999.0 -999.0 -999.0 -999.0 -999.0 
0.0 0.0 0.0 0.0 0.0 0.0 0.0 0.0 0.0 -999.0 
0.0 0.0 0.0 0.0 -999.0 -999.0 -999.0 -999.0 -999.0 -999.0 
0.0 0.0 0.0 0.0 -999.0 -999.0 -999.0 -999.0 -999.0 -999.0 
0.0 0.0 0.0 0.0 -999.0 -999.0 -999.0 -999.0 -999.0 -999.0 
0.0 0.0 0.0 0.0 -999.0 -999.0 -999.0 -999.0 -999.0 -999.0 
0.0 0.0 0.0 0.0 0.0 0.0 -999.0 -999.0 -999.0 -999.0 
0.0 0.0 0.0 0.0 -999.0 -999.0 -999.0 -999.0 -999.0 -999.0 
0.0 0.0 0.0 0.0 0.0 -999.0 -999.0 -999.0 -999.0 -999.0 
0.0 0.0 0.0 0.0 -999.0 -999.0 -999.0 -999.0 -999.0 -999.0 
0.0 0.0 0.0 0.0 1.0 -999.0 -999.0 -999.0 -999.0 -999.0 
0.0 0.0 0.0 0.0 0.0 0.0 1.0 0.0 0.0 -999.0 
0.0 0.0 0.0 0.0 -999.0 -999.0 -999.0 -999.0 -999.0 -999.0 
0.0 0.0 0.0 0.0 0.0 0.0 1.0 -999.0 -999.0 -999.0 
0.0 1.0 0.0 0.0 1.0 -999.0 -999.0 -999.0 -999.0 -999.0 
0.0 0.0 0.0 0.0 0.0 -999.0 -999.0 -999.0 -999.0 -999.0 
0.0 0.0 0.0 -999.0 -999.0 -999.0 -999.0 -999.0 -999.0 -999.0 
0.0 0.0 0.0 0.0 0.0 0.0 -999.0 -999.0 -999.0 -999.0 
0.0 0.0 0.0 0.0 1.0 1.0 -999.0 -999.0 -999.0 -999.0 
0.0 0.0 0.0 0.0 -999.0 -999.0 -999.0 -999.0 -999.0 -999.0 
0.0 0.0 0.0 0.0 0.0 -999.0 -999.0 -999.0 -999.0 -999.0 
0.0 1.0 1.0 1.0 1.0 1.0 1.0 1.0 1.0 0.0 
0.0 0.0 0.0 0.0 0.0 -999.0 -999.0 -999.0 -999.0 -999.0 
0.0 0.0 0.0 0.0 0.0 -999.0 -999.0 -999.0 -999.0 -999.0 
0.0 0.0 1.0 0.0 0.0 -999.0 -999.0 -999.0 -999.0 -999.0 
1.0 0.0 1.0 0.0 -999.0 -999.0 -999.0 -999.0 -999.0 -999.0 
0.0 0.0 1.0 1.0 -999.0 -999.0 -999.0 -999.0 -999.0 -999.0 
1.0 0.0 0.0 -999.0 -999.0 -999.0 -999.0 -999.0 -999.0 -999.0 
0.0 0.0 0.0 0.0 0.0 0.0 0.0 0.0 -999.0 -999.0 
0.0 0.0 0.0 -999.0 -999.0 -999.0 -999.0 -999.0 -999.0 -999.0 
0.0 0.0 0.0 0.0 0.0 -999.0 -999.0 -999.0 -999.0 -999.0 
0.0 0.0 1.0 1.0 1.0 0.0 -999.0 -999.0 -999.0 -999.0 
0.0 0.0 0.0 0.0 0.0 0.0 0.0 0.0 0.0 0.0 
0.0 0.0 0.0 0.0 0.0 0.0 -999.0 -999.0 -999.0 -999.0 
0.0 0.0 0.0 0.0 -999.0 -999.0 -999.0 -999.0 -999.0 -999.0 
0.0 0.0 0.0 0.0 -999.0 -999.0 -999.0 -999.0 -999.0 -999.0 
0.0 0.0 0.0 0.0 0.0 0.0 0.0 -999.0 -999.0 -999.0 
0.0 0.0 0.0 0.0 -999.0 -999.0 -999.0 -999.0 -999.0 -999.0 
0.0 0.0 0.0 0.0 0.0 0.0 -999.0 -999.0 -999.0 -999.0 
0.0 0.0 0.0 0.0 -999.0 -999.0 -999.0 -999.0 -999.0 -999.0 
0.0 0.0 0.0 0.0 -999.0 -999.0 -999.0 -999.0 -999.0 -999.0 
0.0 0.0 0.0 0.0 0.0 -999.0 -999.0 -999.0 -999.0 -999.0 
0.0 0.0 0.0 0.0 -999.0 -999.0 -999.0 -999.0 -999.0 -999.0 
0.0 0.0 0.0 1.0 0.0 -999.0 -999.0 -999.0 -999.0 -999.0 
0.0 0.0 0.0 -999.0 -999.0 -999.0 -999.0 -999.0 -999.0 -999.0 
0.0 0.0 0.0 0.0 0.0 -999.0 -999.0 -999.0 -999.0 -999.0 
0.0 0.0 0.0 0.0 -999.0 -999.0 -999.0 -999.0 -999.0 -999.0 
0.0 0.0 0.0 0.0 -999.0 -999.0 -999.0 -999.0 -999.0 -999.0 
1.0 1.0 1.0 1.0 1.0 1.0 1.0 1.0 -999.0 -999.0 
0.0 0.0 0.0 0.0 -999.0 -999.0 -999.0 -999.0 -999.0 -999.0 
0.0 0.0 0.0 0.0 0.0 0.0 0.0 0.0 0.0 0.0 
0.0 0.0 0.0 0.0 0.0 -999.0 -999.0 -999.0 -999.0 -999.0 
0.0 0.0 0.0 0.0 0.0 0.0 0.0 0.0 0.0 0.0 
0.0 0.0 0.0 0.0 0.0 -999.0 -999.0 -999.0 -999.0 -999.0 
0.0 0.0 0.0 0.0 -999.0 -999.0 -999.0 -999.0 -999.0 -999.0 
0.0 0.0 0.0 0.0 -999.0 -999.0 -999.0 -999.0 -999.0 -999.0 
0.0 0.0 0.0 0.0 0.0 0.0 -999.0 -999.0 -999.0 -999.0 
0.0 0.0 0.0 0.0 -999.0 -999.0 -999.0 -999.0 -999.0 -999.0 
0.0 0.0 0.0 0.0 -999.0 -999.0 -999.0 -999.0 -999.0 -999.0 
0.0 0.0 0.0 0.0 -999.0 -999.0 -999.0 -999.0 -999.0 -999.0 
0.0 0.0 0.0 0.0 -999.0 -999.0 -999.0 -999.0 -999.0 -999.0 
0.0 0.0 0.0 0.0 -999.0 -999.0 -999.0 -999.0 -999.0 -999.0 
0.0 0.0 0.0 0.0 -999.0 -999.0 -999.0 -999.0 -999.0 -999.0 
0.0 0.0 0.0 0.0 1.0 1.0 0.0 -999.0 -999.0 -999.0 
0.0 0.0 0.0 0.0 -999.0 -999.0 -999.0 -999.0 -999.0 -999.0 
0.0 0.0 0.0 0.0 -999.0 -999.0 -999.0 -999.0 -999.0 -999.0 
0.0 0.0 1.0 1.0 0.0 -999.0 -999.0 -999.0 -999.0 -999.0 
0.0 0.0 -999.0 -999.0 -999.0 -999.0 -999.0 -999.0 -999.0 -999.0 
0.0 0.0 0.0 0.0 -999.0 -999.0 -999.0 -999.0 -999.0 -999.0 
0.0 0.0 0.0 0.0 -999.0 -999.0 -999.0 -999.0 -999.0 -999.0 
0.0 0.0 0.0 1.0 1.0 0.0 -999.0 -999.0 -999.0 -999.0 
0.0 1.0 0.0 1.0 -999.0 -999.0 -999.0 -999.0 -999.0 -999.0 
0.0 0.0 0.0 0.0 1.0 1.0 1.0 -999.0 -999.0 -999.0 
0.0 0.0 0.0 0.0 0.0 0.0 0.0 0.0 -999.0 -999.0 
0.0 0.0 0.0 0.0 -999.0 -999.0 -999.0 -999.0 -999.0 -999.0 
0.0 0.0 0.0 0.0 0.0 -999.0 -999.0 -999.0 -999.0 -999.0 
0.0 0.0 0.0 -999.0 -999.0 -999.0 -999.0 -999.0 -999.0 -999.0 
0.0 0.0 0.0 0.0 -999.0 -999.0 -999.0 -999.0 -999.0 -999.0 
0.0 0.0 0.0 0.0 0.0 -999.0 -999.0 -999.0 -999.0 -999.0 
0.0 0.0 0.0 0.0 -999.0 -999.0 -999.0 -999.0 -999.0 -999.0 
0.0 0.0 0.0 0.0 0.0 -999.0 -999.0 -999.0 -999.0 -999.0 
0.0 1.0 1.0 -999.0 -999.0 -999.0 -999.0 -999.0 -999.0 -999.0 
0.0 0.0 0.0 0.0 -999.0 -999.0 -999.0 -999.0 -999.0 -999.0 
0.0 0.0 0.0 0.0 0.0 0.0 -999.0 -999.0 -999.0 -999.0 
0.0 0.0 0.0 0.0 0.0 0.0 0.0 0.0 0.0 1.0 
0.0 0.0 0.0 -999.0 -999.0 -999.0 -999.0 -999.0 -999.0 -999.0 
0.0 0.0 0.0 0.0 0.0 0.0 0.0 -999.0 -999.0 -999.0 
0.0 0.0 0.0 0.0 -999.0 -999.0 -999.0 -999.0 -999.0 -999.0 
0.0 0.0 0.0 0.0 0.0 -999.0 -999.0 -999.0 -999.0 -999.0 
0.0 0.0 0.0 0.0 -999.0 -999.0 -999.0 -999.0 -999.0 -999.0 
0.0 0.0 0.0 0.0 1.0 0.0 0.0 0.0 -999.0 -999.0 
0.0 0.0 0.0 0.0 -999.0 -999.0 -999.0 -999.0 -999.0 -999.0 
0.0 0.0 0.0 0.0 0.0 0.0 0.0 -999.0 -999.0 -999.0 
0.0 0.0 0.0 0.0 -999.0 -999.0 -999.0 -999.0 -999.0 -999.0 
0.0 0.0 0.0 0.0 -999.0 -999.0 -999.0 -999.0 -999.0 -999.0 
0.0 0.0 0.0 1.0 -999.0 -999.0 -999.0 -999.0 -999.0 -999.0 
0.0 0.0 0.0 0.0 0.0 0.0 0.0 -999.0 -999.0 -999.0 
0.0 0.0 1.0 1.0 1.0 0.0 -999.0 -999.0 -999.0 -999.0 
0.0 0.0 0.0 0.0 0.0 -999.0 -999.0 -999.0 -999.0 -999.0 
0.0 0.0 0.0 0.0 0.0 -999.0 -999.0 -999.0 -999.0 -999.0 
0.0 0.0 0.0 0.0 -999.0 -999.0 -999.0 -999.0 -999.0 -999.0 
0.0 0.0 0.0 0.0 -999.0 -999.0 -999.0 -999.0 -999.0 -999.0 
0.0 0.0 0.0 0.0 -999.0 -999.0 -999.0 -999.0 -999.0 -999.0 
0.0 0.0 0.0 0.0 -999.0 -999.0 -999.0 -999.0 -999.0 -999.0 
1.0 1.0 1.0 0.0 1.0 0.0 0.0 -999.0 -999.0 -999.0 
0.0 0.0 0.0 1.0 1.0 -999.0 -999.0 -999.0 -999.0 -999.0 
0.0 0.0 0.0 0.0 0.0 -999.0 -999.0 -999.0 -999.0 -999.0 
1.0 1.0 1.0 -999.0 -999.0 -999.0 -999.0 -999.0 -999.0 -999.0 
0.0 0.0 0.0 0.0 -999.0 -999.0 -999.0 -999.0 -999.0 -999.0 
0.0 0.0 0.0 0.0 0.0 -999.0 -999.0 -999.0 -999.0 -999.0 
0.0 0.0 0.0 0.0 -999.0 -999.0 -999.0 -999.0 -999.0 -999.0 
0.0 0.0 0.0 0.0 0.0 0.0 0.0 0.0 0.0 -999.0 
0.0 0.0 1.0 1.0 1.0 0.0 -999.0 -999.0 -999.0 -999.0 
0.0 0.0 0.0 0.0 -999.0 -999.0 -999.0 -999.0 -999.0 -999.0 
0.0 0.0 0.0 0.0 0.0 -999.0 -999.0 -999.0 -999.0 -999.0 
0.0 0.0 0.0 0.0 -999.0 -999.0 -999.0 -999.0 -999.0 -999.0 
0.0 0.0 0.0 0.0 -999.0 -999.0 -999.0 -999.0 -999.0 -999.0 
0.0 0.0 0.0 0.0 -999.0 -999.0 -999.0 -999.0 -999.0 -999.0 
0.0 0.0 0.0 0.0 -999.0 -999.0 -999.0 -999.0 -999.0 -999.0 
0.0 0.0 0.0 0.0 -999.0 -999.0 -999.0 -999.0 -999.0 -999.0 
0.0 0.0 0.0 0.0 -999.0 -999.0 -999.0 -999.0 -999.0 -999.0 
0.0 0.0 -999.0 -999.0 -999.0 -999.0 -999.0 -999.0 -999.0 -999.0 
0.0 0.0 0.0 0.0 0.0 0.0 0.0 -999.0 -999.0 -999.0 
0.0 0.0 0.0 0.0 0.0 -999.0 -999.0 -999.0 -999.0 -999.0 
0.0 0.0 0.0 0.0 0.0 -999.0 -999.0 -999.0 -999.0 -999.0 
0.0 0.0 0.0 0.0 -999.0 -999.0 -999.0 -999.0 -999.0 -999.0 
0.0 0.0 0.0 0.0 -999.0 -999.0 -999.0 -999.0 -999.0 -999.0 
0.0 1.0 1.0 1.0 0.0 1.0 1.0 -999.0 -999.0 -999.0 
0.0 -999.0 -999.0 -999.0 -999.0 -999.0 -999.0 -999.0 -999.0 -999.0 
0.0 1.0 1.0 0.0 0.0 0.0 -999.0 -999.0 -999.0 -999.0 
Primary periods=1 Secondary periods: 10
- - - - - - - - - - - - - - - - - - - - - - - - - - - - -
 Spotted and Barred Owl Co-Occurrence
- - - - - - - - - - - - - - - - - - - - - - - - - - - - -
modtype=3 N=302 T=10 Groups=1 bootstraps=0

-->1-10
Matrix 1: rows=4, cols=3
            -,a1,a2,
psiA          1 0
psiB          0 1
phi           0 0
========================

Matrix 2: rows=51, cols=9
            -,b1,b2,b3,b4,b5,b6,b7,b8,
pA[1]         1 SampCov1 0 0 0 0 0 0
pA[2]         1 SampCov1 0 0 0 0 0 0
pA[3]         1 SampCov1 0 0 0 0 0 0
pA[4]         1 SampCov1 0 0 0 0 0 0
pA[5]         1 SampCov1 0 0 0 0 0 0
pA[6]         1 SampCov1 0 0 0 0 0 0
pA[7]         1 SampCov1 0 0 0 0 0 0
pA[8]         1 SampCov1 0 0 0 0 0 0
pA[9]         1 SampCov1 0 0 0 0 0 0
pA[10]        1 SampCov1 0 0 0 0 0 0
pB[1]         0 0 1 SampCov1 0 0 0 0
pB[2]         0 0 1 SampCov1 0 0 0 0
pB[3]         0 0 1 SampCov1 0 0 0 0
pB[4]         0 0 1 SampCov1 0 0 0 0
pB[5]         0 0 1 SampCov1 0 0 0 0
pB[6]         0 0 1 SampCov1 0 0 0 0
pB[7]         0 0 1 SampCov1 0 0 0 0
pB[8]         0 0 1 SampCov1 0 0 0 0
pB[9]         0 0 1 SampCov1 0 0 0 0
pB[10]        0 0 1 SampCov1 0 0 0 0
rA[1]         0 0 0 0 1 SampCov1 0 0
rA[2]         0 0 0 0 1 SampCov1 0 0
rA[3]         0 0 0 0 1 SampCov1 0 0
rA[4]         0 0 0 0 1 SampCov1 0 0
rA[5]         0 0 0 0 1 SampCov1 0 0
rA[6]         0 0 0 0 1 SampCov1 0 0
rA[7]         0 0 0 0 1 SampCov1 0 0
rA[8]         0 0 0 0 1 SampCov1 0 0
rA[9]         0 0 0 0 1 SampCov1 0 0
rA[10]        0 0 0 0 1 SampCov1 0 0
rB[1]         0 0 0 0 0 0 1 SampCov1
rB[2]         0 0 0 0 0 0 1 SampCov1
rB[3]         0 0 0 0 0 0 1 SampCov1
rB[4]         0 0 0 0 0 0 1 SampCov1
rB[5]         0 0 0 0 0 0 1 SampCov1
rB[6]         0 0 0 0 0 0 1 SampCov1
rB[7]         0 0 0 0 0 0 1 SampCov1
rB[8]         0 0 0 0 0 0 1 SampCov1
rB[9]         0 0 0 0 0 0 1 SampCov1
rB[10]        0 0 0 0 0 0 1 SampCov1
delta[1]      0 0 0 0 0 0 0 SampCov1
delta[2]      0 0 0 0 0 0 0 SampCov1
delta[3]      0 0 0 0 0 0 0 SampCov1
delta[4]      0 0 0 0 0 0 0 SampCov1
delta[5]      0 0 0 0 0 0 0 SampCov1
delta[6]      0 0 0 0 0 0 0 SampCov1
delta[7]      0 0 0 0 0 0 0 SampCov1
delta[8]      0 0 0 0 0 0 0 SampCov1
delta[9]      0 0 0 0 0 0 0 SampCov1
delta[10]     0 0 0 0 0 0 0 SampCov1
========================

Matrix 3: rows=0, cols=0
========================

Matrix 4: rows=0, cols=0
========================

Matrix 5: rows=0, cols=0
========================

Matrix 6: rows=0, cols=0
========================
fix(3)=1.000000

fix(3)=1.000000
fix(44)=1.000000

fix(44)=1.000000
fix(45)=1.000000

fix(45)=1.000000
fix(46)=1.000000

fix(46)=1.000000
fix(47)=1.000000

fix(47)=1.000000
fix(48)=1.000000

fix(48)=1.000000
fix(49)=1.000000

fix(49)=1.000000
fix(50)=1.000000

fix(50)=1.000000
fix(51)=1.000000

fix(51)=1.000000
fix(52)=1.000000

fix(52)=1.000000
fix(53)=1.000000

fix(53)=1.000000
Two Species, Single Season Model:
---------------------------------
-- standard parameterization requested: psiA,psiB,phi,pA,pB,rA,rB,delta
-- stacked input: 1st 151 records=species A, last 151 records=species B
Number of sites                = 151
Number of sampling occasions   = 10
Number of missing observations = 769

Number of parameters           = 10

Model:psiA,psiB,phi=1    ,pAxN,pBxN,     rAxN ,rBxN,delta=1 flags:(0 0 0 0) (ind-occ det-eq det-ind init)

NPar=10 s=1-10

Number of parameters           = 10
Number of function calls           = 673

**** Numerical convergence may not have been reached.
     Parameter estimates converged to approximately 
     5.10 significant digits.

-2log(likelihood)              = 1194.4992
AIC                            = 1214.4992

varcov: nsig=6 eps=1.000000e-002
h(0)=2.003568e-002 parm(0)=1.003568e+000
h(1)=1.219769e-002 parm(1)=-2.197689e-001
h(2)=1.493640e-002 parm(2)=4.936398e-001
h(3)=7.427367e-002 parm(3)=6.427367e+000
h(4)=1.479688e-002 parm(4)=-4.796877e-001
h(5)=6.753041e-001 parm(5)=6.653041e+001
h(6)=1.604688e-002 parm(6)=-6.046881e-001
h(7)=4.005991e-002 parm(7)=3.005991e+000
h(8)=2.742244e-002 parm(8)=-1.742244e+000
h(9)=2.362348e-002 parm(9)=-1.362348e+000
hessian from varcov:
 2.187721e+001 -3.081751e+000 2.483656e+000 3.819805e-011 -1.679147e+000 0.000000e+000 9.219732e+000 1.585102e-003 3.030820e-001 -1.654397e-003
 -3.081751e+000 1.996430e+001 -9.132493e+000 -4.851732e-002 3.021160e+000 0.000000e+000 -1.402165e+000 -8.117292e-001 1.009774e+001 4.497495e-001
 2.483656e+000 -9.132493e+000 3.482414e+001 1.393605e-002 3.919871e-001 0.000000e+000 6.148236e+000 -9.499241e-002 8.091388e+000 7.516690e-002
 3.819805e-011 -4.851732e-002 1.393605e-002 4.301825e-003 2.586100e-011 0.000000e+000 -7.922796e-003 4.237751e-002 3.105844e-002 8.398541e-003
 -1.679147e+000 3.021160e+000 3.919871e-001 2.586100e-011 1.078257e+001 0.000000e+000 2.146775e+000 8.390526e-004 4.297325e-001 -8.757327e-004
 0.000000e+000 0.000000e+000 0.000000e+000 0.000000e+000 0.000000e+000 1.000000e-002 0.000000e+000 0.000000e+000 0.000000e+000 0.000000e+000
 9.219732e+000 -1.402165e+000 6.148236e+000 -7.922796e-003 2.146775e+000 0.000000e+000 2.819133e+001 1.106860e+000 3.106858e+000 3.568750e-001
 1.585102e-003 -8.117292e-001 -9.499241e-002 4.237751e-002 8.390526e-004 0.000000e+000 1.106860e+000 1.478602e+000 4.178750e-001 1.351041e-001
 3.030820e-001 1.009774e+001 8.091388e+000 3.105844e-002 4.297325e-001 0.000000e+000 3.106858e+000 4.178750e-001 2.036087e+001 7.229057e-001
 -1.654397e-003 4.497495e-001 7.516690e-002 8.398541e-003 -8.757327e-004 0.000000e+000 3.568750e-001 1.351041e-001 7.229057e-001 8.829265e-001
  21.877212  -3.081751   2.483656   0.000000  -1.679147   0.000000   9.219732   0.001585   0.303082  -0.001654
  -3.081751  19.964303  -9.132493  -0.048517   3.021160   0.000000  -1.402165  -0.811729  10.097740   0.449749
   2.483656  -9.132493  34.824139   0.013936   0.391987   0.000000   6.148236  -0.094992   8.091388   0.075167
   0.000000  -0.048517   0.013936   0.004302   0.000000   0.000000  -0.007923   0.042378   0.031058   0.008399
  -1.679147   3.021160   0.391987   0.000000  10.782570   0.000000   2.146775   0.000839   0.429732  -0.000876
   0.000000   0.000000   0.000000   0.000000   0.000000   0.010000   0.000000   0.000000   0.000000   0.000000
   9.219732  -1.402165   6.148236  -0.007923   2.146775   0.000000  28.191333   1.106860   3.106858   0.356875
   0.001585  -0.811729  -0.094992   0.042378   0.000839   0.000000   1.106860   1.478602   0.417875   0.135104
   0.303082  10.097740   8.091388   0.031058   0.429732   0.000000   3.106858   0.417875  20.360874   0.722906
  -0.001654   0.449749   0.075167   0.008399  -0.000876   0.000000   0.356875   0.135104   0.722906   0.882926
inverse:
 0.055988 0.010444 0.003432 -0.162593 0.009822 0.000000 -0.019874 0.026460 -0.004993 0.004121
 0.010444 0.135998 0.055983 1.441280 -0.035284 0.000000 0.002183 0.063455 -0.092125 -0.022931
 0.003432 0.055983 0.055924 0.397790 -0.014102 0.000000 -0.005417 0.041215 -0.050370 0.000054
 -0.162593 1.441280 0.397790 353.188616 -0.533874 0.000000 0.705341 -9.301428 -1.244677 -1.971166
 0.009822 -0.035284 -0.014102 -0.533874 0.106279 0.000000 -0.012703 -0.003084 0.023137 0.011038
 0.000000 0.000000 0.000000 0.000000 0.000000 100.000000 0.000000 0.000000 0.000000 0.000000
 -0.019874 0.002183 -0.005417 0.705341 -0.012703 0.000000 0.047207 -0.051927 -0.005068 -0.014395
 0.026460 0.063455 0.041215 -9.301428 -0.003084 0.000000 -0.051927 1.036473 -0.045650 -0.047543
 -0.004993 -0.092125 -0.050370 -1.244677 0.023137 0.000000 -0.005068 -0.045650 0.118911 -0.025257
 0.004121 -0.022931 0.000054 -1.971166 0.011038 0.000000 -0.014395 -0.047543 -0.025257 1.196815
mat*inverse:
 1.000000 -0.000000 -0.000000 -0.000000 0.000000 0.000000 -0.000000 -0.000000 0.000000 0.000000
 -0.000000 1.000000 -0.000000 -0.000000 0.000000 0.000000 -0.000000 -0.000000 0.000000 0.000000
 0.000000 0.000000 1.000000 -0.000000 -0.000000 0.000000 0.000000 0.000000 -0.000000 -0.000000
 0.000000 -0.000000 0.000000 1.000000 -0.000000 0.000000 -0.000000 0.000000 0.000000 -0.000000
 -0.000000 0.000000 0.000000 0.000000 1.000000 0.000000 -0.000000 0.000000 -0.000000 -0.000000
 0.000000 0.000000 0.000000 0.000000 0.000000 1.000000 0.000000 0.000000 0.000000 0.000000
 0.000000 -0.000000 0.000000 -0.000000 -0.000000 0.000000 1.000000 0.000000 -0.000000 0.000000
 -0.000000 -0.000000 -0.000000 0.000000 -0.000000 0.000000 0.000000 1.000000 0.000000 -0.000000
 -0.000000 0.000000 0.000000 0.000000 0.000000 0.000000 -0.000000 0.000000 1.000000 0.000000
 -0.000000 0.000000 0.000000 0.000000 -0.000000 0.000000 0.000000 0.000000 0.000000 1.000000

Untransformed Estimates of coefficients for covariates (Beta's)
======================================================================
                                          estimate    std.error
A1   psiA                             :   1.003568    0.236618
A2   psiB                             :  -0.219769    0.368779
B1   pA[1]                            :   0.493640    0.236482
B2   pA[1].SampCov1                   :   6.427367   18.793313
B3   pB[1]                            :  -0.479688    0.326004
B4   pB[1].SampCov1                   :  66.530406   10.000000
B5   rA[1]                            :  -0.604688    0.217271
B6   rA[1].SampCov1                   :   3.005991    1.018073
B7   rB[1]                            :  -1.742244    0.344834
B8   rB[1].SampCov1                   :  -1.362348    1.093990

Variance-Covariance Matrix of Untransformed estimates (Beta's):
              A1         A2         B1         B2         B3         B4         B5         B6         B7         B8  
     A1    0.055988   0.010444   0.003432  -0.162593   0.009822   0.000000  -0.019874   0.026460  -0.004993   0.004121
     A2    0.010444   0.135998   0.055983   1.441280  -0.035284   0.000000   0.002183   0.063455  -0.092125  -0.022931
     B1    0.003432   0.055983   0.055924   0.397790  -0.014102   0.000000  -0.005417   0.041215  -0.050370   0.000054
     B2   -0.162593   1.441280   0.397790 353.188616  -0.533874   0.000000   0.705341  -9.301428  -1.244677  -1.971166
     B3    0.009822  -0.035284  -0.014102  -0.533874   0.106279   0.000000  -0.012703  -0.003084   0.023137   0.011038
     B4    0.000000   0.000000   0.000000   0.000000   0.000000 100.000000   0.000000   0.000000   0.000000   0.000000
     B5   -0.019874   0.002183  -0.005417   0.705341  -0.012703   0.000000   0.047207  -0.051927  -0.005068  -0.014395
     B6    0.026460   0.063455   0.041215  -9.301428  -0.003084   0.000000  -0.051927   1.036473  -0.045650  -0.047543
     B7   -0.004993  -0.092125  -0.050370  -1.244677   0.023137   0.000000  -0.005068  -0.045650   0.118911  -0.025257
     B8    0.004121  -0.022931   0.000054  -1.971166   0.011038   0.000000  -0.014395  -0.047543  -0.025257   1.196815
------------------------------

============================================================

   Individual Site estimates of <psiA> 
                Site               estimate  Std.err   95% conf. interval
psiA            1 site 1          :  0.7318   0.0464     0.6318 - 0.8127 

   Individual Site estimates of <psiB> 
                Site               estimate  Std.err   95% conf. interval
psiB            1 site 1          :  0.4453   0.0911     0.2804 - 0.6232 

   Individual Site estimates of <phi> 
                Site               estimate  Std.err   95% conf. interval
                   1         :     1.0000   0.0000     0.0000 - 0.0000 fixed

   Individual Site estimates of <pA[1]> 
                Site               estimate  Std.err   95% conf. interval
pA[1]           1 site 1          :  0.6210   0.0557     0.5075 - 0.7225 
pA[1]           2 site 2          :  0.6210   0.0557     0.5075 - 0.7225 
pA[1]           3 site 3          :  0.6210   0.0557     0.5075 - 0.7225 
pA[1]           4 site 4          :  0.6210   0.0557     0.5075 - 0.7225 
pA[1]           5 site 5          :  0.6210   0.0557     0.5075 - 0.7225 
pA[1]           6 site 6          :  0.6210   0.0557     0.5075 - 0.7225 
pA[1]           7 site 7          :  0.6210   0.0557     0.5075 - 0.7225 
pA[1]           8 site 8          :  0.6210   0.0557     0.5075 - 0.7225 
pA[1]           9 site 9          :  0.6210   0.0557     0.5075 - 0.7225 
pA[1]          10 site 10         :  0.6210   0.0557     0.5075 - 0.7225 
pA[1]          11 site 11         :  0.6210   0.0557     0.5075 - 0.7225 
pA[1]          12 site 12         :  0.6210   0.0557     0.5075 - 0.7225 
pA[1]          13 site 13         :  0.6210   0.0557     0.5075 - 0.7225 
pA[1]          14 site 14         :  0.6210   0.0557     0.5075 - 0.7225 
pA[1]          15 site 15         :  0.6210   0.0557     0.5075 - 0.7225 
