

PRESENCE - Presence/Absence-Site Occupancy data analysis
Thu Oct 27 22:17:29 2011,       Version 4.0111018
- - - - - - - - - - - - - - - - - - - - - - - - - - - - -
==>i=salamandercooccurence.pao
==>l=pres_psiA_psiB_phi_pA_pB_rA_rB_delta.out
==>name=psiA,psiB,phi,pA,pB,rA,rB,delta
==>model=3000
==>j=c:\documents and settings\cschwarz\desktop\salamandercooccurence\salamandercooccurence_project\salamandercooccurence.dm
==>lmt=200
model=3000 N,T-->176,5
modtype-->3 

********* Input Data summary *******
Number of sites                = 176
Number of sampling occasions   = 5
Number of missing observations = 30
Data checksum = 1775

Naive occupancy estimate       = 0.5114

NSiteCovs-->1
site_covname[0]=Elevation(m)
NSampCovs-->0
Primary periods=1 Secondary periods: 5
- - - - - - - - - - - - - - - - - - - - - - - - - - - - -
 Salamander Co-occurence
- - - - - - - - - - - - - - - - - - - - - - - - - - - - -
modtype=3 N=176 T=5 Groups=1 bootstraps=0

-->1-5
Matrix 1: rows=4, cols=4
            -,a1,a2,a3,
psiA          1 0 0
psiB          0 1 0
phi           0 0 1
========================

Matrix 2: rows=26, cols=6
            -,b1,b2,b3,b4,b5,
pA[1]         1 0 0 0 0
pA[2]         1 0 0 0 0
pA[3]         1 0 0 0 0
pA[4]         1 0 0 0 0
pA[5]         1 0 0 0 0
pB[1]         0 1 0 0 0
pB[2]         0 1 0 0 0
pB[3]         0 1 0 0 0
pB[4]         0 1 0 0 0
pB[5]         0 1 0 0 0
rA[1]         0 0 1 0 0
rA[2]         0 0 1 0 0
rA[3]         0 0 1 0 0
rA[4]         0 0 1 0 0
rA[5]         0 0 1 0 0
rB[1]         0 0 0 1 0
rB[2]         0 0 0 1 0
rB[3]         0 0 0 1 0
rB[4]         0 0 0 1 0
rB[5]         0 0 0 1 0
delta[1]      0 0 0 0 1
delta[2]      0 0 0 0 1
delta[3]      0 0 0 0 1
delta[4]      0 0 0 0 1
delta[5]      0 0 0 0 1
========================

Matrix 3: rows=0, cols=0
========================

Matrix 4: rows=0, cols=0
========================

Matrix 5: rows=0, cols=0
========================

Matrix 6: rows=0, cols=0
========================
Two Species, Single Season Model:
---------------------------------
-- standard parameterization requested: psiA,psiB,phi,pA,pB,rA,rB,delta
-- stacked input: 1st 88 records=species A, last 88 records=species B
Number of sites                = 88
Number of sampling occasions   = 5
Number of missing observations = 15

Number of parameters           = 8

Model:psiA,psiB,phi,pA,pB,rA,rB,delta flags:(0 0 0 0) (ind-occ det-eq det-ind init)

NPar=8 s=1-5

Number of parameters           = 8
Number of function calls           = 275
-2log(likelihood)              = 735.8665
AIC                            = 751.8665

varcov: nsig=6 eps=1.000000e-002

Untransformed Estimates of coefficients for covariates (Beta's)
======================================================================
                                          estimate    std.error
A1   psiA                             :   0.289686    0.233791
A2   psiB                             :  -0.073855    0.215471
A3   phi                              :  -0.415938    0.172063
B1   pA[1]                            :   0.158628    0.167612
B2   pB[1]                            :   2.227318    0.445143
B3   rA[1]                            :  -0.047387    0.306728
B4   rB[1]                            :   0.221945    0.255871
B5   delta[1]                         :  -0.102096    0.122361

Variance-Covariance Matrix of Untransformed estimates (Beta's):
              A1         A2         A3         B1         B2         B3         B4         B5  
     A1    0.054658  -0.017161   0.014427  -0.002216   0.024925  -0.016101  -0.003742   0.001602
     A2   -0.017161   0.046428   0.008484  -0.000034   0.001293  -0.000348  -0.002739  -0.000038
     A3    0.014427   0.008484   0.029606   0.001369   0.024123  -0.015210  -0.005798   0.001474
     B1   -0.002216  -0.000034   0.001369   0.028094   0.001389  -0.001710  -0.000110   0.000554
     B2    0.024925   0.001293   0.024123   0.001389   0.198152  -0.062733  -0.020656   0.008772
     B3   -0.016101  -0.000348  -0.015210  -0.001710  -0.062733   0.094082   0.002906  -0.002555
     B4   -0.003742  -0.002739  -0.005798  -0.000110  -0.020656   0.002906   0.065470   0.000719
     B5    0.001602  -0.000038   0.001474   0.000554   0.008772  -0.002555   0.000719   0.014972
------------------------------

============================================================

   Individual Site estimates of <psiA> 
                Site               estimate  Std.err   95% conf. interval
psiA            1 site 1          :  0.5719   0.0572     0.4580 - 0.6787 

   Individual Site estimates of <psiB> 
                Site               estimate  Std.err   95% conf. interval
psiB            1 site 1          :  0.4815   0.0538     0.3784 - 0.5862 

   Individual Site estimates of <phi> 
                Site               estimate  Std.err   95% conf. interval
phi             1 site 1          :  0.6597   0.1135     0.4709 - 0.9243 

   Individual Site estimates of <pA[1]> 
                Site               estimate  Std.err   95% conf. interval
pA[1]           1 site 1          :  0.5396   0.0416     0.4576 - 0.6194 
pA[2]           1 site 1          :  0.5396   0.0416     0.4576 - 0.6194 
pA[3]           1 site 1          :  0.5396   0.0416     0.4576 - 0.6194 
pA[4]           1 site 1          :  0.5396   0.0416     0.4576 - 0.6194 
pA[5]           1 site 1          :  0.5396   0.0416     0.4576 - 0.6194 

   Individual Site estimates of <pB[1]> 
                Site               estimate  Std.err   95% conf. interval
pB[1]           1 site 1          :  0.9027   0.0391     0.7949 - 0.9569 
pB[2]           1 site 1          :  0.9027   0.0391     0.7949 - 0.9569 
pB[3]           1 site 1          :  0.9027   0.0391     0.7949 - 0.9569 
pB[4]           1 site 1          :  0.9027   0.0391     0.7949 - 0.9569 
pB[5]           1 site 1          :  0.9027   0.0391     0.7949 - 0.9569 

   Individual Site estimates of <rA[1]> 
                Site               estimate  Std.err   95% conf. interval
rA[1]           1 site 1          :  0.4882   0.0766     0.3433 - 0.6350 
rA[2]           1 site 1          :  0.4882   0.0766     0.3433 - 0.6350 
rA[3]           1 site 1          :  0.4882   0.0766     0.3433 - 0.6350 
rA[4]           1 site 1          :  0.4882   0.0766     0.3433 - 0.6350 
rA[5]           1 site 1          :  0.4882   0.0766     0.3433 - 0.6350 

   Individual Site estimates of <rB[1]> 
                Site               estimate  Std.err   95% conf. interval
rB[1]           1 site 1          :  0.5553   0.0632     0.4306 - 0.6734 
rB[2]           1 site 1          :  0.5553   0.0632     0.4306 - 0.6734 
rB[3]           1 site 1          :  0.5553   0.0632     0.4306 - 0.6734 
rB[4]           1 site 1          :  0.5553   0.0632     0.4306 - 0.6734 
rB[5]           1 site 1          :  0.5553   0.0632     0.4306 - 0.6734 

   Individual Site estimates of <delta[1]> 
                Site               estimate  Std.err   95% conf. interval
delta[1]        1 site 1          :  0.9029   0.1105     0.7104 - 1.1477 
delta[2]        1 site 1          :  0.9029   0.1105     0.7104 - 1.1477 
delta[3]        1 site 1          :  0.9029   0.1105     0.7104 - 1.1477 
delta[4]        1 site 1          :  0.9029   0.1105     0.7104 - 1.1477 
delta[5]        1 site 1          :  0.9029   0.1105     0.7104 - 1.1477 

CPU time: 0.0 seconds

